506
26
242
79
22
440
54
271
188
210
92
162
376
270
191
46
29
100
27
332
107
165
1
36
317
97
365
259
12
42
111
308
416
190
136
304
109
343
24
90
119
153
345
145
62
4
436
459
33
223
477
11
3
404
489
287
267
104
255
384
239
307
467
28
315
426
321
356
468
285
301
251
290
227
56
83
475
274
330
268
106
37
30
405
476
369
187
478
9
383
411
434
84
394
96
71
121
481
206
395
200
331
503
110
397
286
220
473
248
505
141
341
510
406
185
443
47
69
254
80
433
289
474
386
496
258
421
464
391
112
425
336
59
34
284
387
169
412
160
14
498
229
328
445
320
378
296
231
428
195
504
222
283
448
462
105
74
492
455
353
88
171
134
45
189
197
414
469
293
310
463
213
128
72
156
427
452
470
439
181
157
143
202
327
311
408
314
53
183
207
48
447
388
393
450
350
168
250
172
16
176
76
199
201
262
363
423
485
367
335
192
295
20
244
375
261
