119
298
39
204
11
275
158
99
127
367
233
491
176
133
17
244
325
318
57
376
165
130
139
341
258
144
411
441
365
246
344
350
174
390
120
278
80
431
406
19
228
501
452
28
251
151
456
223
369
306
466
375
429
426
285
137
508
134
178
388
115
59
161
70
355
500
238
113
378
323
268
14
419
200
25
141
171
464
324
66
56
472
352
34
261
260
495
48
156
330
33
502
333
256
332
490
152
31
128
288
262
302
85
340
91
459
243
282
347
86
484
348
5
389
257
274
77
40
173
3
393
140
353
269
432
360
290
407
442
422
424
27
409
377
88
103
479
359
195
487
164
489
74
421
231
423
110
249
64
94
166
289
414
473
283
481
371
184
148
219
404
72
412
475
116
49
428
240
67
22
448
46
142
300
356
83
6
303
10
29
266
215
163
454
471
235
109
38
313
51
271
374
147
185
308
363
239
252
216
337
9
175
402
349
492
50
122
267
229
395
295
485
108
104
478
