166
445
412
312
485
282
287
231
474
77
81
101
82
78
244
187
211
73
55
404
63
473
228
453
427
225
503
377
52
139
177
279
188
452
480
43
361
230
293
401
262
12
497
203
398
186
381
283
121
438
220
447
454
481
87
251
14
41
102
199
94
75
229
109
99
174
146
92
382
136
373
70
89
457
281
71
424
323
38
372
157
355
111
61
114
291
25
374
161
387
76
486
389
349
256
286
360
106
340
418
142
274
371
422
491
390
112
147
269
431
284
184
268
197
461
162
45
15
341
105
13
403
202
462
113
395
512
343
378
303
510
21
456
185
218
1
33
375
498
140
258
243
386
432
84
204
95
273
308
129
394
180
501
128
124
483
267
171
464
23
19
379
198
193
288
364
493
426
413
328
353
190
500
504
56
409
300
468
110
8
178
104
116
182
97
487
309
5
227
354
254
414
455
295
151
321
57
285
326
449
132
471
255
437
400
68
296
348
339
194
7
423
345
301
411
