335
249
424
395
282
226
291
374
346
314
445
433
187
43
272
434
242
126
176
139
323
67
273
206
173
128
247
281
92
358
232
248
315
389
279
22
29
507
305
107
82
454
303
246
83
198
186
300
89
299
121
355
169
292
509
135
215
124
138
405
49
382
235
195
145
115
308
152
104
108
160
310
257
481
367
471
388
251
423
296
133
411
278
479
3
488
236
123
262
287
301
171
459
218
425
470
250
227
149
458
306
201
36
263
385
234
240
197
327
10
364
6
417
224
61
461
120
57
221
52
150
93
298
400
456
290
55
202
210
330
70
106
439
506
260
79
329
140
438
356
119
284
460
465
266
1
353
116
354
503
137
85
502
180
391
480
225
393
407
319
352
14
130
165
464
392
309
334
446
4
239
467
368
371
258
350
73
307
406
27
241
177
60
45
331
442
283
466
40
168
401
379
325
64
408
396
25
384
68
375
376
440
217
430
34
142
26
245
357
275
9
322
183
256
212
208
88
