137
250
185
269
399
312
297
236
346
270
408
121
253
82
168
423
329
386
201
292
169
156
485
348
60
25
277
428
41
395
161
497
52
363
230
70
309
274
302
124
308
381
299
340
318
442
28
477
252
9
200
453
146
111
301
493
303
47
165
446
86
402
262
220
464
398
232
437
352
332
498
2
317
365
372
338
306
50
239
438
431
359
139
238
162
315
473
120
94
23
396
273
186
174
325
242
382
75
455
480
57
29
113
27
503
496
502
129
183
21
177
45
441
341
71
149
256
505
405
122
148
420
5
102
267
64
282
286
409
284
104
482
110
444
208
335
197
3
435
135
499
181
432
300
68
196
501
248
136
96
457
179
260
404
451
78
87
357
187
55
416
49
470
126
116
31
69
203
495
46
350
145
345
109
234
117
285
463
59
443
158
171
483
42
488
389
290
83
307
385
213
322
37
298
101
32
276
199
170
62
163
278
76
271
311
225
383
439
358
445
193
321
468
140
56
380
377
