449
196
342
498
141
391
45
453
125
401
425
4
371
226
410
93
383
198
475
508
443
438
135
485
247
328
28
16
505
68
369
291
432
473
38
64
412
506
37
302
91
162
67
273
11
209
263
392
61
370
459
56
300
89
436
137
229
27
192
249
208
395
120
447
409
274
221
80
419
501
471
429
317
399
491
134
467
90
278
85
3
481
104
360
347
466
51
86
462
78
268
149
326
336
160
92
477
365
337
417
345
309
185
166
388
375
39
251
252
379
259
404
373
346
451
238
189
415
206
35
486
363
422
224
217
266
187
282
499
212
421
322
237
42
426
324
351
179
129
52
97
378
29
327
306
503
66
63
254
15
83
431
118
112
386
19
174
457
402
368
117
358
280
385
284
182
119
150
330
356
279
493
405
258
495
418
420
113
7
465
267
8
359
474
73
81
48
463
147
314
413
497
455
398
445
407
194
236
234
510
130
289
156
88
408
490
260
293
406
55
164
366
167
